55320266290675
55335102770400
55491034607323
55200499669302
55662649982200
55455937761648
55843191223798
55953743996440
55689106272697
55518903294058
55501380126556
55618407678375
55359299894868
55754878425007
55803222189023
55471922318175
55514259881341
55409677771613
55263716845257
55982172409985
55645754837302
55223119736925
55619360278053
55912287239566
55437253965086
55295582589187
55896089038311
55339885404940
55344332552834
55181216069535
55922424038196
55282719102216
55242168331197
55331094005594
55650172493153
55423387518213
55240853422685
55995737052608
55110581312773
55694006264858
55789984366171
55296949416973
55839935631815
55379627244040
55688130047135
55458482763959
55688114718234
55946951886718
55689938453823
55436987820780
55723062665300
55343488063576
55928850948029
55710886346986
55197065515462
55763547649260
55656850761927
55458570038584
55754118336551
55562528831853
55904149228673
55548323190653
55597023118358
55301383340844
55218348533770
55849510565115
55161206582715
55218081568068
55979036749615
55452882256588
55447715713888
55663080941079
55425031689254
55526309880190
55417533931652