5576843597144
5576321623907
5575005060070
5574279474091
5570907285492
5570796078389
5567083606686
5566386630300
5566244554441
5565580897238
5564779641975
5563406883421
5563296650097
5561523560467
5560680603160
5559682763817
5557366300102
5556587870622
5556356818236
5556200629509
5555407493121
5554816790244
5554743637582
5554558820542
5553743505106
5553605659699
5550575318852
5549557213113
5549489676389
5547865600071
5547550459306
5547130157296
5546463001622
5545647304421
5545538488556
5545354131621
5543890455401
5542390948073
5540406076252
5540125877364
5539747742379
5539373578644
5538533589944
5538046100442
5537734964046
5536091710725
5536028394774
5535966197547
5534204849949
5533620850822
5533266295316
5533212615770
5532377791280
5532019971542
5531766546475
5531611793937
5530029684939
5529527509846
5529422414659
5528647660272
5528530390082
5528325601640
5528286583093
5527095046271
5524440066606
5523036787080
5522610943314
5522446857188
5519779707763
5519390419721
5516549597745
5516165427899
5515611344223
5513559797625
5512980819291
