55360917107250
55615235604679
55478656000711
55913205920627
55135597976256
55471301572962
55976310594305
55320199715420
55804944360376
55750050600709
55360283947740
55670836066863
55332662953165
55634068834211
55285303900827
55768435971446
55161654278995
55871861843290
55914883038701
55475504593069
55903799220518
55709072854925
55942324632227
55393735786447
55401258773647
55226109433149
55948208144130
55129808192913
55663866303000
55230367870807
55193904197210
55270950462711
55807204286679
55647796419750
55990126617117
55554074931217
55282865830932
55985996600331
55342048499490
55775831024259
55606806031601
55547436375820
55545588205424
55852077439025
55165495977458
55385335899449
55763216239072
55548167902440
55397477423797
55662445544417
55908160504475
55377349640467
55632966500977
55536056596995
55244400666067
55834686674692
55596827638170
55537435051065
55456473044210
55915190037407
55156113442233
55300296849397
55780643316100
55323777912801
55332126157709
55316117939374
55336208508225
55404060762520
55565878706221
55294224146592
55966534986965
55295275098464
55438904554019
55317665464751
55742794740914
55563568182365
55464630016229
55224468571880
55286476602725
55707960783894
55197797077636
55820912484326
55789429709640
55786535210740
55505753188520
55494896763898
55655808972380
55453541316216
55423909480738
55573663001026
55916008621928
55922362638387
55795607029790
55359661975470
55283256016408
55562006295096
55495572131132
55380461004423
55455384885560
55864439742500