5532026629067
5533510277040
5549103460732
5520049966930
5566264998220
5545593776164
5584319122379
5595374399644
5568910627269
5551890329405
5550138012655
5561840767837
5535929989486
5575487842500
5580322218902
5547192231817
5551425988134
5540967777161
5526371684525
5598217240998
5564575483730
5522311973692
5561936027805
5591228723956
5543725396508
5529558258918
5589608903831
5533988540494
5534433255283
5518121606953
5592242403819
5528271910221
5524216833119
5533109400559
5565017249315
5542338751821
5524085342268
5599573705260
5511058131277
5569400626485
5578998436617
5529694941697
5583993563181
5537962724404
5568813004713
5545848276395
5568811471823
5594695188671
5568993845382
5543698782078
5572306266530
5534348806357
5592885094802
5571088634698
5519706551546
5576354764926
5565685076192
5545857003858
5575411833655
5556252883185
5590414922867
5554832319065
5559702311835
5530138334084
5521834853377
5584951056511
5516120658271
5521808156806
5597903674961
5545288225658
5544771571388
5566308094107
5542503168925
5552630988019
5541753393165
