5512980819291
5513559797625
5515611344223
5516165427899
5516549597745
5519390419721
5519779707763
5522446857188
5522610943314
5523036787080
5524440066606
5527095046271
5528286583093
5528325601640
5528530390082
5528647660272
5529422414659
5529527509846
5530029684939
5531611793937
5531766546475
5532019971542
5532377791280
5533212615770
5533266295316
5533620850822
5534204849949
5535966197547
5536028394774
5536091710725
5537734964046
5538046100442
5538533589944
5539373578644
5539747742379
5540125877364
5540406076252
5542390948073
5543890455401
5545354131621
5545538488556
5545647304421
5546463001622
5547130157296
5547550459306
5547865600071
5549489676389
5549557213113
5550575318852
5553605659699
