5536091710725
5561523560467
5547865600071
5591320592062
5513559797625
5547130157296
5597631059430
5532019971542
5580494436037
5575005060070
5536028394774
5567083606686
5533266295316
5563406883421
5528530390082
5576843597144
5516165427899
5587186184329
5591488303870
5547550459306
5590379922051
5570907285492
5594232463222
5539373578644
5540125877364
5522610943314
5594820814413
5512980819291
5566386630300
5523036787080
5519390419721
5527095046271
5580720428667
5564779641975
5599012661711
5555407493121
5528286583093
5598599660033
5534204849949
5577583102425
5560680603160
5554743637582
5554558820542
5585207743902
5516549597745
5538533589944
5576321623907
5554816790244
5539747742379
5566244554441
5590816050447
5537734964046
5563296650097
5553605659699
5524440066606
5583468667469
5559682763817
5553743505106
5545647304421
5591519003740
5515611344223
5530029684939
5578064331610
5532377791280
5533212615770
5531611793937
5533620850822
5540406076252
5556587870622
5529422414659
5596653498696
5529527509846
5543890455401
5531766546475
5574279474091
5556356818236
5546463001622
5522446857188
5528647660272
5570796078389
5519779707763
5582091248432
5578942970964
5578653521074
5550575318852
5549489676389
5565580897238
5545354131621
5542390948073
5557366300102
5591600862192
5592236263838
5579560702979
5535966197547
5528325601640
5556200629509
5549557213113
5538046100442
5545538488556
5586443974250
